0.000000000000000e+00
6.052413278790901e+01
1.210482655758180e+02
1.815723983637270e+02
2.420965311516360e+02
3.026206639395450e+02
3.631447967274541e+02
4.236689295153631e+02
4.841930623032721e+02
5.447171950911812e+02
6.052413278790900e+02
6.657654606669992e+02
7.262895934549082e+02
7.868137262428171e+02
8.473378590307262e+02
9.078619918186354e+02
9.683861246065442e+02
1.028910257394453e+03
1.089434390182362e+03
1.149958522970271e+03
1.210482655758180e+03
1.271006788546089e+03
1.331530921333998e+03
1.392055054121907e+03
1.452579186909816e+03
1.513103319697726e+03
1.573627452485634e+03
1.634151585273543e+03
1.694675718061452e+03
1.755199850849362e+03
1.815723983637271e+03
1.876248116425179e+03
1.936772249213088e+03
1.997296382000998e+03
2.050936097860517e+03
2.057820514788907e+03
2.118344647576816e+03
2.178868780364725e+03
2.239392913152633e+03
2.299917045940543e+03
2.360441178728452e+03
2.420965311516360e+03
2.481489444304270e+03
2.542013577092179e+03
2.602537709880088e+03
2.663061842667997e+03
2.723585975455906e+03
2.784110108243815e+03
2.844634241031723e+03
2.905158373819633e+03
2.965682506607542e+03
3.026206639395451e+03
3.086730772183360e+03
3.147254904971268e+03
3.207779037759178e+03
3.268303170547086e+03
3.328827303334996e+03
3.389351436122904e+03
3.449875568910813e+03
3.510399701698723e+03
3.570923834486632e+03
3.631447967274541e+03
3.691972100062449e+03
3.752496232850359e+03
3.813020365638267e+03
3.873544498426176e+03
3.934068631214086e+03
3.994592764001995e+03
4.001477180932467e+03
4.055116896789903e+03
4.115641029577813e+03
4.176165162365723e+03
4.236689295153631e+03
4.297213427941540e+03
4.357737560729450e+03
4.418261693517358e+03
4.478785826305267e+03
4.539309959093176e+03
4.599834091881085e+03
4.660358224668995e+03
4.720882357456903e+03
4.781406490244812e+03
4.841930623032720e+03
4.902454755820630e+03
4.962978888608540e+03
5.023503021396448e+03
5.084027154184358e+03
5.144551286972267e+03
5.205075419760175e+03
5.265599552548085e+03
5.326123685335993e+03
5.386647818123903e+03
5.447171950911812e+03
5.507696083699721e+03
5.568220216487630e+03
5.628744349275538e+03
5.689268482063447e+03
5.749792614851357e+03
5.810316747639265e+03
5.870840880427175e+03
5.931365013215083e+03
5.991889146002992e+03
6.052413278790902e+03